60.00
60.00
60.00
60.00
60.00
60.00
60.00
60.00
60.00
60.00
60.00
60.00
60.00
60.00
60.00
60.00
60.00
60.00
60.00
60.00
60.00
60.00
60.00
60.00
60.00
60.00
60.00
60.00
60.00
60.00
60.00
60.00
60.00
60.00
60.00
60.00
60.00
60.00
60.00
60.00
60.00
60.00
60.00
60.00
60.00
60.00
60.00
60.00
60.00
60.00
60.00
60.00
60.00
60.00
60.00
60.00
60.00
60.00
60.00
60.00
60.00
60.00
60.00
60.00
60.00
60.00
60.00
60.00
60.00
60.00
60.00
60.00
60.00
60.00
60.00
60.00
60.00
60.00
60.00
60.00
60.00
60.00
60.00
60.00
60.00
60.00
60.00
60.00
60.00
60.00
60.00
60.00
60.00
60.00
60.00
60.00
60.00
60.00
60.00
60.00
60.00
60.00
60.00
60.00
60.00
60.00
60.00
60.00
60.00
60.00
60.00
60.00
60.00
60.00
60.00
60.00
60.00
60.00
60.00
74.67
82.34
86.20
83.49
87.10
87.61
79.99
84.51
82.42
81.29
80.12
82.11
84.31
83.76
81.56
79.84
79.36
81.72
81.47
82.18
74.92
71.49
72.50
71.36
77.60
79.25
81.58
79.35
83.22
79.91
79.72
80.61
80.06
75.10
76.79
81.67
78.06
74.02
78.54
78.95
78.13
77.14
71.89
71.34
71.87
76.84
72.62
85.82
77.10
86.01
81.20
80.43
82.03
76.79
76.11
83.92
80.75
74.87
82.19
81.32
79.53
79.16
79.70
77.79
78.95
77.68
72.45
71.55
75.21
79.63
80.55
79.38
81.85
81.07
72.44
77.84
79.47
83.61
87.48
83.33
82.78
71.78
77.42
79.22
81.26
83.93
82.50
81.52
73.38
71.80
71.45
71.06
70.58
70.45
70.26
70.21
72.42
70.41
78.22
81.82
78.36
82.68
80.69
78.13
72.31
76.77
82.33
85.67
83.14
79.04
77.09
72.74
71.51
71.00
70.84
70.45
70.18
70.13
70.02
72.66
71.81
77.32
80.77
87.21
90.26
85.22
79.50
71.84
80.50
82.61
85.17
83.40
80.20
73.53
71.74
71.67
71.19
70.84
70.44
70.23
70.22
70.23
72.31
70.70
81.30
79.76
79.75
83.24
81.03
75.77
72.46
78.02
83.33
85.53
81.85
79.11
75.90
73.25
74.32
73.92
76.49
84.90
82.45
85.32
84.56
76.63
77.00
85.01
79.46
80.85
86.76
84.34
78.60
72.49
84.73
82.52
82.77
83.81
83.71
82.49
80.66
79.33
80.54
80.32
81.22
78.85
78.31
83.99
82.75
60.00
60.00
60.00
60.00
60.00
60.00
60.00
60.00
60.00
60.00
60.00
60.00
60.00
60.00
60.00
60.00
60.00
60.00
60.00
60.00
60.00
60.00
60.00
60.00
60.00
60.00
60.00
60.00
60.00
60.00
60.00
60.00
60.00
60.00
60.00
60.00
60.00
60.00
60.00
60.00
60.00
60.00
60.00
60.00
60.00
60.00
60.00
60.00
60.00
60.00
60.00
60.00
60.00
60.00
60.00
60.00
60.00
60.00
60.00
60.00
60.00
60.00
60.00
60.00
60.00
60.00
60.00
60.00
60.00
60.00
60.00
60.00
60.00
60.00
60.00
60.00
60.00
60.00
60.00
60.00
60.00
60.00
60.00
60.00
60.00
77.15
81.10
85.61
84.25
86.76
85.95
81.74
84.54
82.14
81.13
80.84
80.75
82.84
85.03
82.66
80.80
80.15
82.31
80.93
82.68
78.20
72.93
75.98
74.31
78.31
81.18
82.29
84.52
85.77
81.75
83.07
83.15
81.28
80.21
80.03
83.84
81.56
77.69
78.06
83.83
81.95
79.56
74.66
73.09
73.29
76.48
77.05
82.31
81.35
80.93
85.78
78.36
86.09
76.08
76.07
82.81
82.57
75.73
80.83
81.24
79.31
78.52
78.97
78.24
80.33
79.04
74.01
72.97
77.38
77.45
81.87
79.99
77.82
78.29
76.21
76.31
83.33
80.07
83.34
85.53
83.42
74.27
76.37
83.04
75.47
78.23
82.09
81.64
81.11
80.71
79.03
78.37
80.24
84.68
83.46
83.26
83.86
78.02
78.84
82.18
81.84
83.58
82.39
80.55
82.09
82.82
77.18
79.00
79.30
75.06
72.52
72.26
72.56
73.66
75.90
75.86
76.03
71.50
82.21
74.93
81.02
76.08
73.50
78.00
74.54
73.31
78.17
78.30
75.93
72.93
72.17
71.09
71.12
73.77
75.11
75.07
77.38
78.60
81.14
80.36
84.52
85.47
83.42
75.73
83.08
84.17
85.32
80.81
85.14
84.52
88.82
80.03
81.84
81.88
84.15
83.74
79.06
76.80
77.55
78.79
79.28
82.69
79.61
80.79
80.47
78.36
77.05
79.00
81.46
83.07
79.09
75.18
75.93
78.51
78.20
77.57
74.18
73.34
72.55
76.85
79.01
79.48
77.76
76.52
81.19
83.07
82.29
82.88
81.87
81.92
80.98
83.46
84.92
83.25
80.42
79.17
83.14
81.11
81.97
80.24
81.75
84.16
81.41
80.47
80.30
80.92
75.82
79.06
80.84
77.34
82.62
81.15
80.95
81.72
78.45
73.93
83.09
81.25
76.92
74.07
74.49
74.44
73.97
73.63
73.34
73.75
72.66
76.70
77.72
80.98
82.40
83.94
80.84
84.03
80.32
80.67
79.66
79.86
78.94
77.22
77.65
77.50
76.10
76.07
79.51
75.50
78.24
77.59
76.94
77.59
78.84
77.04
77.54
80.53
76.86
75.27
74.47
73.26
74.45
73.88
72.11
74.78
77.06
76.13
75.66
77.04
60.00
60.00
60.00
60.00
60.00
60.00
60.00
60.00
60.00
60.00
60.00
60.00
60.00
60.00
60.00
60.00
60.00
60.00
60.00
60.00
60.00
60.00
60.00
60.00
60.00
60.00
60.00
60.00
60.00
60.00
60.00
60.00
60.00
60.00
60.00
60.00
60.00
60.00
60.00
60.00
60.00
60.00
60.00
60.00
60.00
60.00
60.00
60.00
60.00
60.00
60.00
60.00
60.00
60.00
77.18
81.16
87.28
86.80
88.17
88.10
82.44
86.36
84.46
82.74
82.14
82.29
85.43
85.36
83.51
81.49
81.17
83.14
81.85
84.01
78.65
72.12
74.77
72.48
77.11
78.65
80.28
81.93
81.53
80.82
80.82
80.35
80.01
76.93
75.15
81.42
80.35
74.55
77.92
79.60
78.98
78.24
73.50
71.33
71.23
78.42
75.43
80.24
78.55
75.06
88.68
78.87
80.04
79.64
72.81
72.35
77.04
81.08
73.41
82.28
83.57
79.21
80.04
79.51
79.01
79.92
73.54
71.49
71.97
80.46
81.46
79.99
82.13
82.73
75.08
74.84
84.78
81.71
85.86
89.29
86.36
76.66
72.63
83.03
82.41
82.84
84.11
84.85
77.95
75.98
76.57
75.57
75.31
72.98
70.87
70.75
71.94
71.27
75.74
82.25
77.18
82.19
81.20
80.43
72.63
74.27
80.12
85.15
84.12
79.79
78.32
73.76
71.51
71.14
70.75
70.70
70.18
70.16
70.03
70.79
73.55
74.47
81.35
85.41
89.36
85.61
83.49
71.60
77.85
82.56
84.83
84.78
80.26
75.33
71.78
71.78
71.11
71.09
70.48
70.30
70.20
70.11
72.30
70.30
78.13
81.99
78.25
82.95
81.22
78.07
72.26
76.78
81.64
85.51
82.81
80.36
78.17
74.07
73.99
73.82
75.26
84.00
82.27
84.50
84.06
79.96
72.70
83.23
78.55
77.35
85.20
81.62
78.51
72.12
79.69
80.42
82.50
81.49
81.07
80.31
78.04
76.19
76.48
76.52
77.45
80.23
78.65
60.00
60.00
60.00
60.00
60.00
60.00
60.00
60.00
60.00
60.00
60.00
60.00
60.00
60.00
60.00
60.00
60.00
60.00
60.00
60.00
60.00
60.00
60.00
60.00
60.00
60.00
60.00
60.00
60.00
60.00
60.00
60.00
60.00
60.00
60.00
60.00
60.00
60.00
60.00
60.00
60.00
60.00
60.00
60.00
60.00
60.00
60.00
60.00
60.00
60.00
60.00
60.00
60.00
60.00
60.00
60.00
60.00
60.00
60.00
60.00
60.00
60.00
60.00
60.00
60.00
60.00
60.00
60.00
60.00
60.00
60.00
60.00
60.00
60.00
60.00
60.00
60.00
60.00
60.00
60.00
60.00
60.00
60.00
60.00
60.00
60.00
60.00
60.00
60.00
60.00
60.00
60.00
60.00
60.00
60.00
60.00
60.00
60.00
60.00
60.00
60.00
60.00
60.00
60.00
60.00
60.00
60.00
60.00
60.00
60.00
60.00
60.00
60.00
60.00
60.00
60.00
60.00
60.00
60.00
60.00
60.00
60.00
60.00
60.00
60.00
60.00
60.00
60.00
60.00
60.00
60.00
60.00
60.00
60.00
60.00
60.00
60.00
60.00
60.00
60.00
60.00
60.00
60.00
60.00
60.00
60.00
60.00
60.00
60.00
60.00
60.00
60.00
60.00
60.00
60.00
60.00
60.00
60.00
60.00
60.00
60.00
60.00
60.00
60.00
60.00
60.00
60.00
60.00
60.00
60.00
60.00
60.00
60.00
60.00
60.00
60.00
60.00
60.00
60.00
60.00
60.00
60.00
60.00
60.00
60.00
60.00
60.00
60.00
60.00
60.00
60.00
60.00
60.00
60.00
60.00
60.00
60.00
60.00
60.00
60.00
60.00
60.00
60.00
